n = 50;
dist = [
36
45
23
9
58
37
33
37
47
12
10
53
1
66
37
48
6
21
11
79
10
36
39
-1
7
32
12
64
18
76
-1
47
-1
3
41
45
26
-1
53
44
11
-1
43
21
-1
10
6
39
13
36
63
13
45
50
25
7
5
55
38
30
27
37
40
37
-1
42
19
47
53
42
2
13
12
43
46
40
38
28
50
62
69
73
37
15
41
14
76
27
34
29
20
55
57
51
46
40
51
49
45
63
50
36
17
38
60
64
8
53
-1
48
46
27
26
73
45
48
40
38
51
63
52
59
42
17
-1
27
35
35
13
6
10
48
56
22
53
13
42
29
34
43
8
30
-1
39
39
12
40
23
13
50
32
45
24
10
14
42
25
17
40
24
53
24
-1
29
6
34
66
29
13
26
25
30
33
27
51
15
63
49
56
60
24
28
32
3
63
40
31
16
7
42
44
38
33
27
38
36
9
45
36
32
49
28
42
46
38
21
19
44
10
57
28
55
13
30
4
70
19
45
34
41
10
23
5
55
17
67
-1
38
-1
12
38
36
35
-1
44
35
16
25
34
12
-1
3
5
30
8
58
50
17
45
49
25
47
51
11
70
62
35
59
14
21
60
62
51
53
21
68
50
39
46
59
26
46
14
40
18
30
19
23
61
43
13
46
26
29
16
47
40
15
47
37
52
52
19
57
37
25
38
24
28
25
22
26
30
49
41
16
38
29
12
35
41
30
32
42
47
25
14
21
38
21
25
27
19
39
37
44
48
40
18
16
25
51
16
9
26
19
30
36
26
31
31
26
36
33
7
60
10
42
47
22
4
52
31
23
34
34
47
34
17
39
12
44
60
39
5
20
19
40
43
37
45
25
57
59
66
70
34
22
38
7
73
34
31
26
17
52
54
48
43
37
48
46
37
5
64
14
46
51
26
4
56
33
27
32
38
45
38
15
43
16
48
58
43
3
18
17
44
47
41
43
29
55
63
70
74
38
20
42
11
77
32
35
30
21
56
58
52
47
41
52
50
47
55
8
42
38
11
30
52
56
59
51
40
48
19
18
65
51
-1
42
32
57
55
44
51
48
-1
35
19
-1
29
-1
14
18
50
48
14
45
21
34
21
36
35
4
36
26
41
41
-1
46
12
38
53
25
21
70
49
31
33
59
8
65
11
78
49
48
10
19
17
91
10
36
51
50
11
44
24
76
30
88
40
55
47
9
53
57
24
50
65
56
23
30
55
25
33
18
18
51
17
10
30
-1
17
19
62
41
23
27
51
8
57
11
70
41
40
16
11
21
83
16
28
43
42
17
36
-1
68
22
80
-1
-1
-1
11
45
49
16
-1
57
48
15
22
47
31
-1
20
-1
43
23
53
27
48
40
44
35
16
34
32
40
65
57
54
21
22
25
57
46
48
26
63
29
14
15
54
31
41
21
35
23
47
54
58
56
12
26
41
61
6
19
42
35
40
-1
36
47
47
36
52
1
37
46
24
10
59
38
34
38
48
11
11
54
67
38
49
5
22
10
80
9
37
40
-1
6
33
13
65
19
77
-1
48
-1
2
42
46
27
-1
54
45
12
-1
44
20
-1
9
7
40
12
66
40
27
53
57
14
29
47
45
19
78
70
21
67
29
46
70
59
61
13
76
42
-1
-1
67
34
54
2
48
10
-1
33
37
69
-1
21
54
40
-1
22
55
48
23
55
45
60
60
27
65
37
37
26
24
28
21
12
34
38
18
49
41
22
38
29
47
41
30
32
42
47
37
26
33
38
-1
25
27
19
39
25
32
36
40
30
8
27
39
-1
7
26
19
18
28
-1
31
31
14
36
48
-1
73
-1
55
60
35
17
15
65
48
40
25
49
46
47
54
29
57
45
-1
12
21
14
55
56
50
46
38
48
72
79
83
49
17
51
24
86
31
44
41
30
65
67
61
56
50
61
59
6
42
45
29
13
62
41
39
43
51
10
16
57
5
70
41
54
27
9
83
6
42
43
-1
3
36
16
68
22
80
32
47
39
5
45
49
32
42
57
48
-1
-1
47
15
25
10
10
43
7
21
19
48
6
30
51
30
12
16
-1
19
11
46
22
59
30
29
27
32
72
27
17
32
31
28
-1
25
57
-1
69
47
54
58
22
34
38
5
61
46
37
14
11
-1
42
36
31
25
-1
34
11
47
40
34
4
53
32
44
48
42
17
21
48
10
61
32
57
9
32
74
15
47
36
43
6
27
7
59
19
71
-1
42
-1
10
40
40
37
-1
48
39
18
27
38
10
-1
1
7
34
4
79
53
38
66
70
21
42
60
58
32
91
83
26
80
13
42
45
83
72
74
89
55
40
41
80
47
67
15
61
3
51
36
44
82
38
34
67
41
26
35
68
61
36
68
58
73
73
40
78
10
42
51
29
19
68
47
39
43
57
10
16
63
9
76
47
-1
6
27
15
89
42
49
48
9
42
22
74
28
86
38
53
45
7
51
55
32
48
63
54
21
28
53
21
31
16
16
49
11
36
2
63
13
45
50
25
5
3
55
36
28
29
37
42
37
12
42
17
47
55
42
15
14
43
46
40
40
28
52
62
69
73
37
17
41
12
76
29
34
29
20
55
57
51
46
40
51
49
39
13
52
26
34
39
14
20
18
44
51
43
14
40
-1
26
21
43
32
36
40
49
15
7
40
35
29
-1
21
37
51
58
62
42
4
30
27
65
14
23
28
21
44
46
40
35
33
40
38
-1
12
59
25
41
46
21
19
17
51
50
42
15
-1
-1
33
14
-1
31
43
41
48
14
7
-1
42
36
-1
24
38
58
65
69
-1
3
37
26
72
17
30
-1
20
51
53
47
42
36
47
45
7
43
42
30
10
59
38
40
44
48
11
17
54
6
67
38
55
3
28
6
80
9
43
40
-1
33
13
65
19
77
29
44
36
6
42
46
33
39
54
45
-1
-1
44
14
22
7
7
40
6
32
46
17
33
23
26
21
43
47
-1
44
36
31
33
34
-1
56
36
-1
27
47
42
46
35
42
33
20
32
-1
44
16
23
27
35
39
13
36
30
-1
-1
21
26
-1
21
11
26
26
7
31
12
40
-1
27
5
46
25
37
41
35
24
-1
41
13
54
25
50
16
25
7
67
22
40
29
36
13
20
52
12
64
26
-1
37
15
33
33
30
40
41
32
11
20
31
17
-1
6
6
27
11
64
38
27
51
55
14
27
45
43
19
76
68
21
65
2
27
46
68
57
59
15
74
40
-1
-1
65
32
52
46
12
-1
33
37
67
-1
19
52
40
-1
20
53
46
21
53
43
58
58
25
63
18
28
35
15
17
40
19
25
29
-1
30
22
35
19
48
19
38
22
-1
19
61
28
28
21
24
19
-1
12
46
58
34
41
45
21
23
27
18
48
35
26
7
8
-1
29
23
18
12
-1
21
76
50
35
63
67
18
39
57
55
29
88
80
23
77
10
39
48
80
69
71
3
86
52
37
38
77
44
64
12
58
48
33
41
79
35
31
64
38
23
32
65
58
33
65
55
70
70
37
75
-1
62
13
49
-1
30
37
59
63
-1
40
-1
47
-1
-1
25
72
32
47
-1
51
38
62
51
58
29
16
26
-1
34
48
15
11
-1
55
-1
52
14
41
28
33
42
-1
17
11
-1
-1
-1
27
47
69
6
56
38
19
44
66
70
14
55
-1
54
48
33
32
79
47
54
42
36
53
69
58
65
44
23
-1
33
41
33
15
8
50
62
28
59
7
48
35
40
49
14
32
-1
41
41
18
42
-1
73
10
60
-1
23
48
70
74
18
47
-1
58
-1
37
36
83
39
58
-1
44
45
73
62
69
36
27
37
37
45
41
11
8
-1
66
32
63
3
52
39
44
53
18
24
22
-1
-1
22
34
3
37
48
24
12
61
40
34
38
50
9
11
56
2
69
40
49
5
22
10
82
7
37
42
-1
6
35
15
67
21
79
-1
50
-1
44
48
27
-1
56
47
14
-1
46
20
-1
9
9
42
12
41
15
56
28
38
43
18
22
20
48
53
45
12
42
-1
30
17
45
34
40
38
51
17
4
3
42
39
33
-1
23
35
55
62
66
44
34
29
69
14
27
30
23
48
50
44
39
35
44
42
45
41
22
32
36
13
16
38
42
14
57
49
26
46
21
8
51
49
38
40
34
55
41
30
37
46
13
33
19
27
31
-1
28
32
48
34
-1
35
20
7
34
27
14
34
24
39
39
10
44
26
14
53
3
35
46
25
7
11
45
24
16
41
27
54
27
24
32
5
37
67
32
12
27
26
33
36
30
52
18
64
52
59
63
27
29
-1
66
41
32
19
10
45
47
41
36
30
41
39
-1
76
13
63
-1
26
51
73
77
21
50
-1
61
-1
40
39
86
42
61
-1
41
48
76
65
72
39
30
40
40
48
38
14
7
3
-1
69
35
66
55
42
47
56
21
27
25
-1
-1
25
37
53
27
42
40
44
29
16
34
32
34
65
57
6
54
-1
-1
31
57
46
48
26
63
29
14
17
54
-1
41
-1
35
23
41
48
52
56
14
20
41
55
13
42
35
34
46
-1
47
47
30
52
44
34
29
31
35
16
9
31
35
21
56
48
19
45
22
7
44
48
37
39
35
54
34
23
30
45
-1
32
20
26
32
28
35
39
47
27
7
32
42
13
33
26
21
35
-1
38
38
17
43
11
29
34
16
16
47
26
26
30
36
23
15
42
12
55
26
41
-1
14
18
68
21
29
28
-1
-1
21
11
53
7
65
33
40
44
14
30
34
19
47
42
33
-1
32
28
22
17
11
28
20
-1
20
43
7
25
40
19
17
21
35
30
22
35
-1
48
19
30
-1
11
27
61
28
20
21
20
-1
26
20
46
8
58
42
49
53
-1
23
27
10
56
35
26
-1
35
37
31
26
20
31
29
43
55
8
42
34
15
30
52
56
4
55
47
40
44
23
18
65
47
-1
38
36
53
55
44
51
44
-1
31
21
-1
33
-1
14
18
46
48
14
45
21
34
21
32
35
32
22
37
37
-1
42
21
57
30
44
12
47
36
54
58
36
25
31
-1
20
55
28
67
15
42
10
68
21
57
46
53
14
21
17
53
29
65
17
32
24
20
50
34
47
27
46
35
28
37
32
10
11
17
28
10
-1
51
-1
38
-1
37
26
48
52
26
33
-1
36
-1
45
-1
61
25
36
-1
58
31
51
40
47
22
11
-1
43
23
55
11
-1
22
-1
44
24
41
25
-1
-1
22
31
22
10
-1
-1
18
20
10
46
39
33
3
52
31
43
47
41
18
20
47
9
60
31
56
10
31
1
73
16
46
35
42
7
26
6
58
18
70
-1
41
-1
9
39
39
36
-1
47
38
17
26
37
11
-1
6
33
5
6
40
39
27
5
52
31
37
41
41
18
-1
47
7
60
31
50
10
25
7
73
16
40
33
36
7
26
6
58
12
70
-1
41
-1
9
35
39
30
-1
47
38
11
20
37
17
-1
6
33
9
39
51
12
38
30
19
26
48
52
-1
51
43
36
40
27
14
61
43
-1
34
40
49
51
40
47
40
7
27
25
-1
37
-1
18
22
42
44
10
41
25
30
17
28
31
-1
28
18
33
33
38
13
49
40
36
8
57
36
46
50
46
17
23
52
12
65
36
59
7
34
4
78
11
49
38
45
6
31
11
63
21
75
27
42
34
12
42
44
39
37
52
43
20
29
42
10
20
5
9
38
];
blocked = {
<1,3>
<1,17>
<1,25>
<1,32>
<1,33>
<1,34>
<1,39>
<1,43>
<1,46>
<2,17>
<3,1>
<3,5>
<3,12>
<3,14>
<3,20>
<3,28>
<3,35>
<3,46>
<3,47>
<3,48>
<4,17>
<5,3>
<5,32>
<5,33>
<5,34>
<5,39>
<5,46>
<7,45>
<10,19>
<10,27>
<10,30>
<10,32>
<10,49>
<12,3>
<12,28>
<12,32>
<12,33>
<12,34>
<12,39>
<12,46>
<12,48>
<13,45>
<14,3>
<14,17>
<14,25>
<14,32>
<14,33>
<14,34>
<14,39>
<14,43>
<14,46>
<15,24>
<15,25>
<15,32>
<15,36>
<15,40>
<16,27>
<16,40>
<16,45>
<16,46>
<17,1>
<17,2>
<17,4>
<17,14>
<17,18>
<17,22>
<17,26>
<17,35>
<17,42>
<18,17>
<18,25>
<18,42>
<18,43>
<19,10>
<19,27>
<19,30>
<19,44>
<19,49>
<20,3>
<20,32>
<20,33>
<20,34>
<20,39>
<20,46>
<22,17>
<24,15>
<24,29>
<25,1>
<25,14>
<25,15>
<25,18>
<25,26>
<25,29>
<25,35>
<25,42>
<26,17>
<26,25>
<26,42>
<26,43>
<27,10>
<27,16>
<27,19>
<27,30>
<27,40>
<27,41>
<27,44>
<28,3>
<28,12>
<28,32>
<28,33>
<28,34>
<28,39>
<28,46>
<29,24>
<29,25>
<29,32>
<29,36>
<29,40>
<30,10>
<30,19>
<30,27>
<30,44>
<30,49>
<32,1>
<32,5>
<32,10>
<32,12>
<32,14>
<32,15>
<32,20>
<32,28>
<32,29>
<32,35>
<32,37>
<32,44>
<32,47>
<32,48>
<32,49>
<33,1>
<33,5>
<33,12>
<33,14>
<33,20>
<33,28>
<33,35>
<33,46>
<33,47>
<33,48>
<34,1>
<34,5>
<34,12>
<34,14>
<34,20>
<34,28>
<34,35>
<34,47>
<34,48>
<35,3>
<35,17>
<35,25>
<35,32>
<35,33>
<35,34>
<35,39>
<35,43>
<35,46>
<36,15>
<36,29>
<37,32>
<37,38>
<38,37>
<39,1>
<39,5>
<39,12>
<39,14>
<39,20>
<39,28>
<39,35>
<39,47>
<39,48>
<40,15>
<40,16>
<40,27>
<40,29>
<40,45>
<40,46>
<41,27>
<41,45>
<41,46>
<42,17>
<42,18>
<42,25>
<42,26>
<42,43>
<43,1>
<43,14>
<43,18>
<43,26>
<43,35>
<43,42>
<44,19>
<44,27>
<44,30>
<44,32>
<44,49>
<45,7>
<45,13>
<45,16>
<45,40>
<45,41>
<46,1>
<46,3>
<46,5>
<46,12>
<46,14>
<46,16>
<46,20>
<46,28>
<46,33>
<46,35>
<46,40>
<46,41>
<46,47>
<46,48>
<47,3>
<47,32>
<47,33>
<47,34>
<47,39>
<47,46>
<48,3>
<48,12>
<48,32>
<48,33>
<48,34>
<48,39>
<48,46>
<49,10>
<49,19>
<49,30>
<49,32>
<49,44>
};
